1677019960.000000, IBI
17.859375,0.625000
18.421875,0.562500
19.078125,0.656250
19.671875,0.593750
20.234375,0.562500
20.828125,0.593750
21.375000,0.546875
21.953125,0.578125
26.140625,0.609375
26.750000,0.609375
27.328125,0.578125
27.906250,0.578125
28.484375,0.578125
29.078125,0.593750
29.671875,0.593750
30.265625,0.593750
30.875000,0.609375
31.484375,0.609375
32.109375,0.625000
32.718750,0.609375
33.343750,0.625000
33.968750,0.625000
34.562500,0.593750
35.140625,0.578125
35.734375,0.593750
36.328125,0.593750
36.921875,0.593750
37.500000,0.578125
38.093750,0.593750
38.687500,0.593750
39.281250,0.593750
39.875000,0.593750
40.500000,0.625000
41.140625,0.640625
41.781250,0.640625
42.421875,0.640625
43.046875,0.625000
43.656250,0.609375
44.281250,0.625000
44.890625,0.609375
45.515625,0.625000
46.109375,0.593750
46.718750,0.609375
47.328125,0.609375
47.937500,0.609375
48.562500,0.625000
49.171875,0.609375
49.781250,0.609375
50.390625,0.609375
51.000000,0.609375
51.625000,0.625000
52.250000,0.625000
52.843750,0.593750
58.375000,0.593750
58.984375,0.609375
59.531250,0.546875
60.109375,0.578125
60.640625,0.531250
61.218750,0.578125
61.765625,0.546875
62.343750,0.578125
62.921875,0.578125
63.484375,0.562500
64.062500,0.578125
64.640625,0.578125
65.218750,0.578125
65.812500,0.593750
66.406250,0.593750
66.984375,0.578125
67.578125,0.593750
68.171875,0.593750
68.781250,0.609375
69.421875,0.640625
75.125000,0.593750
75.734375,0.609375
76.343750,0.609375
76.984375,0.640625
77.609375,0.625000
78.234375,0.625000
78.843750,0.609375
79.453125,0.609375
80.078125,0.625000
80.687500,0.609375
81.281250,0.593750
81.890625,0.609375
82.515625,0.625000
83.140625,0.625000
83.781250,0.640625
84.406250,0.625000
85.031250,0.625000
85.656250,0.625000
86.296875,0.640625
86.906250,0.609375
87.515625,0.609375
88.156250,0.640625
88.812500,0.656250
89.453125,0.640625
90.093750,0.640625
90.718750,0.625000
91.343750,0.625000
91.968750,0.625000
92.562500,0.593750
93.171875,0.609375
93.765625,0.593750
94.343750,0.578125
94.937500,0.593750
95.515625,0.578125
96.109375,0.593750
96.718750,0.609375
97.359375,0.640625
98.031250,0.671875
98.671875,0.640625
99.312500,0.640625
99.937500,0.625000
100.562500,0.625000
101.171875,0.609375
101.765625,0.593750
102.343750,0.578125
102.937500,0.593750
103.531250,0.593750
104.125000,0.593750
104.718750,0.593750
105.312500,0.593750
105.906250,0.593750
106.500000,0.593750
107.093750,0.593750
107.656250,0.562500
108.218750,0.562500
108.781250,0.562500
109.359375,0.578125
109.937500,0.578125
110.515625,0.578125
111.125000,0.609375
111.781250,0.656250
112.437500,0.656250
113.109375,0.671875
113.765625,0.656250
114.421875,0.656250
115.078125,0.656250
115.734375,0.656250
116.375000,0.640625
117.000000,0.625000
117.625000,0.625000
118.234375,0.609375
118.859375,0.625000
119.468750,0.609375
120.078125,0.609375
120.656250,0.578125
121.250000,0.593750
121.828125,0.578125
122.375000,0.546875
122.953125,0.578125
123.531250,0.578125
124.109375,0.578125
124.718750,0.609375
125.375000,0.656250
126.000000,0.625000
126.687500,0.687500
127.343750,0.656250
127.984375,0.640625
132.546875,0.656250
133.218750,0.671875
133.875000,0.656250
134.515625,0.640625
135.203125,0.687500
145.765625,0.656250
146.437500,0.671875
147.125000,0.687500
147.765625,0.640625
148.421875,0.656250
149.062500,0.640625
149.687500,0.625000
150.328125,0.640625
150.937500,0.609375
151.593750,0.656250
152.234375,0.640625
152.875000,0.640625
153.500000,0.625000
154.109375,0.609375
154.718750,0.609375
155.296875,0.578125
155.875000,0.578125
156.484375,0.609375
157.078125,0.593750
164.000000,0.625000
164.625000,0.625000
165.234375,0.609375
165.859375,0.625000
166.500000,0.640625
167.187500,0.687500
167.843750,0.656250
168.484375,0.640625
169.125000,0.640625
169.765625,0.640625
170.390625,0.625000
171.015625,0.625000
171.640625,0.625000
172.296875,0.656250
172.921875,0.625000
173.546875,0.625000
174.171875,0.625000
174.781250,0.609375
175.406250,0.625000
176.015625,0.609375
176.609375,0.593750
177.234375,0.625000
177.859375,0.625000
178.484375,0.625000
179.109375,0.625000
179.718750,0.609375
180.359375,0.640625
180.953125,0.593750
181.593750,0.640625
185.156250,0.578125
185.750000,0.593750
186.359375,0.609375
186.953125,0.593750
187.515625,0.562500
188.125000,0.609375
188.703125,0.578125
189.250000,0.546875
189.812500,0.562500
190.359375,0.546875
190.921875,0.562500
191.500000,0.578125
192.109375,0.609375
192.671875,0.562500
193.265625,0.593750
193.843750,0.578125
194.421875,0.578125
195.031250,0.609375
195.609375,0.578125
196.203125,0.593750
196.781250,0.578125
201.062500,0.640625
201.703125,0.640625
202.343750,0.640625
202.984375,0.640625
203.609375,0.625000
204.203125,0.593750
204.781250,0.578125
205.343750,0.562500
205.921875,0.578125
206.500000,0.578125
207.046875,0.546875
207.625000,0.578125
208.234375,0.609375
208.796875,0.562500
209.375000,0.578125
209.968750,0.593750
210.546875,0.578125
211.125000,0.578125
211.687500,0.562500
212.265625,0.578125
212.843750,0.578125
213.421875,0.578125
221.171875,0.609375
221.781250,0.609375
222.390625,0.609375
222.984375,0.593750
223.562500,0.578125
224.171875,0.609375
224.765625,0.593750
225.390625,0.625000
226.015625,0.625000
226.640625,0.625000
227.250000,0.609375
227.859375,0.609375
228.484375,0.625000
229.093750,0.609375
229.734375,0.640625
230.343750,0.609375
230.968750,0.625000
231.609375,0.640625
232.250000,0.640625
232.843750,0.593750
233.453125,0.609375
234.062500,0.609375
234.656250,0.593750
235.265625,0.609375
235.890625,0.625000
236.484375,0.593750
237.109375,0.625000
237.734375,0.625000
238.359375,0.625000
238.984375,0.625000
239.578125,0.593750
240.187500,0.609375
240.796875,0.609375
241.390625,0.593750
241.984375,0.593750
242.578125,0.593750
243.140625,0.562500
243.703125,0.562500
244.265625,0.562500
244.828125,0.562500
245.421875,0.593750
246.000000,0.578125
246.593750,0.593750
247.187500,0.593750
254.281250,0.625000
254.890625,0.609375
255.515625,0.625000
256.125000,0.609375
256.765625,0.640625
257.406250,0.640625
258.031250,0.625000
258.656250,0.625000
259.281250,0.625000
259.937500,0.656250
260.593750,0.656250
261.234375,0.640625
261.906250,0.671875
262.578125,0.671875
263.218750,0.640625
263.812500,0.593750
264.406250,0.593750
265.000000,0.593750
265.593750,0.593750
266.203125,0.609375
266.796875,0.593750
267.390625,0.593750
268.000000,0.609375
268.609375,0.609375
269.250000,0.640625
269.937500,0.687500
270.625000,0.687500
271.328125,0.703125
272.015625,0.687500
272.671875,0.656250
273.296875,0.625000
273.921875,0.625000
274.531250,0.609375
275.171875,0.640625
275.781250,0.609375
276.421875,0.640625
277.046875,0.625000
277.656250,0.609375
278.281250,0.625000
278.921875,0.640625
279.578125,0.656250
280.218750,0.640625
280.843750,0.625000
281.437500,0.593750
282.062500,0.625000
282.687500,0.625000
283.328125,0.640625
283.953125,0.625000
284.578125,0.625000
285.171875,0.593750
285.750000,0.578125
286.312500,0.562500
286.875000,0.562500
287.468750,0.593750
288.062500,0.593750
288.687500,0.625000
289.312500,0.625000
289.953125,0.640625
290.593750,0.640625
291.234375,0.640625
291.875000,0.640625
292.484375,0.609375
293.078125,0.593750
293.656250,0.578125
294.250000,0.593750
294.859375,0.609375
295.437500,0.578125
296.046875,0.609375
296.640625,0.593750
297.296875,0.656250
297.953125,0.656250
298.593750,0.640625
299.234375,0.640625
299.890625,0.656250
300.562500,0.671875
301.218750,0.656250
301.828125,0.609375
302.468750,0.640625
303.078125,0.609375
303.703125,0.625000
304.328125,0.625000
304.937500,0.609375
305.562500,0.625000
306.203125,0.640625
306.843750,0.640625
307.484375,0.640625
308.125000,0.640625
308.750000,0.625000
309.390625,0.640625
310.031250,0.640625
310.687500,0.656250
311.359375,0.671875
312.046875,0.687500
312.734375,0.687500
313.390625,0.656250
314.015625,0.625000
314.640625,0.625000
315.265625,0.625000
315.906250,0.640625
316.515625,0.609375
317.125000,0.609375
317.765625,0.640625
318.406250,0.640625
319.046875,0.640625
319.671875,0.625000
320.281250,0.609375
320.906250,0.625000
321.546875,0.640625
322.187500,0.640625
322.796875,0.609375
323.421875,0.625000
324.046875,0.625000
324.703125,0.656250
325.375000,0.671875
326.015625,0.640625
326.640625,0.625000
327.265625,0.625000
327.875000,0.609375
328.500000,0.625000
329.109375,0.609375
329.703125,0.593750
330.281250,0.578125
330.828125,0.546875
331.406250,0.578125
332.015625,0.609375
332.640625,0.625000
333.296875,0.656250
333.890625,0.593750
334.484375,0.593750
335.093750,0.609375
335.703125,0.609375
336.312500,0.609375
336.906250,0.593750
337.500000,0.593750
338.125000,0.625000
338.750000,0.625000
339.406250,0.656250
340.046875,0.640625
340.671875,0.625000
341.281250,0.609375
341.890625,0.609375
342.515625,0.625000
343.125000,0.609375
343.718750,0.593750
344.312500,0.593750
344.921875,0.609375
345.546875,0.625000
346.218750,0.671875
346.921875,0.703125
347.593750,0.671875
348.265625,0.671875
348.937500,0.671875
349.609375,0.671875
350.265625,0.656250
350.890625,0.625000
351.531250,0.640625
352.187500,0.656250
352.828125,0.640625
353.453125,0.625000
354.109375,0.656250
354.765625,0.656250
355.406250,0.640625
356.046875,0.640625
356.656250,0.609375
357.296875,0.640625
357.921875,0.625000
358.562500,0.640625
359.187500,0.625000
359.812500,0.625000
360.421875,0.609375
361.078125,0.656250
361.734375,0.656250
362.375000,0.640625
363.015625,0.640625
363.656250,0.640625
364.265625,0.609375
364.859375,0.593750
365.453125,0.593750
366.046875,0.593750
366.640625,0.593750
367.265625,0.625000
367.875000,0.609375
368.484375,0.609375
369.109375,0.625000
369.765625,0.656250
370.453125,0.687500
371.093750,0.640625
371.718750,0.625000
372.359375,0.640625
372.968750,0.609375
373.562500,0.593750
374.171875,0.609375
374.765625,0.593750
375.375000,0.609375
375.984375,0.609375
376.593750,0.609375
377.218750,0.625000
377.843750,0.625000
378.468750,0.625000
379.093750,0.625000
379.656250,0.562500
380.250000,0.593750
380.859375,0.609375
381.500000,0.640625
382.140625,0.640625
382.765625,0.625000
383.390625,0.625000
384.015625,0.625000
384.640625,0.625000
385.265625,0.625000
385.859375,0.593750
386.453125,0.593750
387.046875,0.593750
387.656250,0.609375
388.250000,0.593750
388.859375,0.609375
389.437500,0.578125
390.031250,0.593750
390.671875,0.640625
391.312500,0.640625
391.968750,0.656250
392.625000,0.656250
393.265625,0.640625
393.921875,0.656250
394.609375,0.687500
395.265625,0.656250
395.906250,0.640625
396.531250,0.625000
397.156250,0.625000
397.781250,0.625000
398.421875,0.640625
399.078125,0.656250
399.765625,0.687500
400.484375,0.718750
401.218750,0.734375
401.890625,0.671875
402.546875,0.656250
403.187500,0.640625
403.812500,0.625000
404.421875,0.609375
405.015625,0.593750
405.625000,0.609375
406.234375,0.609375
406.859375,0.625000
407.484375,0.625000
408.156250,0.671875
408.875000,0.718750
409.546875,0.671875
410.218750,0.671875
410.875000,0.656250
411.515625,0.640625
412.125000,0.609375
412.734375,0.609375
413.359375,0.625000
413.968750,0.609375
414.593750,0.625000
415.218750,0.625000
415.843750,0.625000
416.468750,0.625000
417.109375,0.640625
417.718750,0.609375
418.328125,0.609375
418.906250,0.578125
419.515625,0.609375
420.156250,0.640625
420.781250,0.625000
421.437500,0.656250
422.093750,0.656250
422.734375,0.640625
423.343750,0.609375
423.984375,0.640625
424.625000,0.640625
425.250000,0.625000
425.859375,0.609375
426.484375,0.625000
427.109375,0.625000
427.750000,0.640625
428.406250,0.656250
429.046875,0.640625
429.703125,0.656250
430.328125,0.625000
430.953125,0.625000
434.750000,0.640625
435.390625,0.640625
436.031250,0.640625
436.656250,0.625000
437.281250,0.625000
437.921875,0.640625
438.546875,0.625000
439.171875,0.625000
439.796875,0.625000
440.390625,0.593750
441.015625,0.625000
441.640625,0.625000
442.296875,0.656250
442.921875,0.625000
443.562500,0.640625
444.234375,0.671875
444.859375,0.625000
445.500000,0.640625
446.125000,0.625000
446.734375,0.609375
447.328125,0.593750
450.390625,0.640625
451.062500,0.671875
451.734375,0.671875
452.359375,0.625000
452.984375,0.625000
453.609375,0.625000
454.218750,0.609375
454.828125,0.609375
455.453125,0.625000
456.046875,0.593750
456.625000,0.578125
457.234375,0.609375
457.859375,0.625000
458.484375,0.625000
459.125000,0.640625
459.781250,0.656250
460.406250,0.625000
461.031250,0.625000
461.671875,0.640625
462.312500,0.640625
462.953125,0.640625
463.578125,0.625000
464.125000,0.546875
464.796875,0.671875
465.390625,0.593750
465.984375,0.593750
466.578125,0.593750
